"year"	"month"	"SST_degC"
1940	1	19.7438735720458
1940	2	20.9261780145595
1940	3	19.2986690806064
1940	4	18.6236332804179
1940	5	15.8768538071945
1940	6	14.6647515195112
1940	7	13.5244990655949
1940	8	13.0433255776193
1940	9	14.1107584454111
1940	10	15.1578265136935
1940	11	15.838504509417
1940	12	17.5547898637424
1941	1	18.4086127349485
1941	2	19.5990278335438
1941	3	18.9923154949129
1941	4	18.1070197517377
1941	5	15.7877247496014
1941	6	15.521836285011
1941	7	13.5438941127467
1941	8	12.9923694991932
1941	9	12.8680648788111
1941	10	14.7794467756226
1941	11	15.8023591942705
1941	12	16.8441377042387
1942	1	18.6288346794268
1942	2	19.3187694022001
1942	3	19.8412896043311
1942	4	18.4456396431474
1942	5	17.3502602755959
1942	6	15.9535524027494
1942	7	13.7349353271921
1942	8	13.1781211553245
1942	9	13.7557409232276
1942	10	15.8541087064438
1942	11	17.5118562820927
1942	12	18.2768145736214
1943	1	20.1182861413811
1943	2	19.9979486897346
1943	3	20.1668619185659
1943	4	18.5950696655216
1943	5	16.5978206054106
1943	6	15.2667032556594
1943	7	14.1744094637912
1943	8	13.7493934532507
1943	9	13.2469735727134
1943	10	14.3746192459811
1943	11	16.9254205836659
1943	12	19.3986417327435
1944	1	20.2835848386977
1944	2	21.101526872673
1944	3	20.8460412061004
1944	4	19.7785201790034
1944	5	16.8892752685194
1944	6	15.4352638472697
1944	7	14.0116673863264
1944	8	12.8878125631838
1944	9	12.8234562703619
1944	10	15.1358748466899
1944	11	16.2491505532041
1944	12	18.4303880833416
1945	1	19.5322030801753
1945	2	20.8985841520208
1945	3	20.1092938922471
1945	4	18.4465212361997
1945	5	16.7750208089341
1945	6	14.8175315954844
1945	7	13.228460118614
1945	8	12.9835535686696
1945	9	13.6093083172314
1945	10	14.7714242788462
1945	11	16.9244508313083
1945	12	18.1578876708586
1946	1	19.7916559154835
1946	2	20.6012228154613
1946	3	19.8338842226913
1946	4	19.2835938394111
1946	5	16.8536589092042
1946	6	14.8564098490932
1946	7	14.2171667268304
1946	8	13.1739776679784
1946	9	13.9676758930138
1946	10	14.3922511070282
1946	11	15.8615140880835
1946	12	18.0101326752839
1947	1	19.617805765559
1947	2	20.5689565097451
1947	3	19.1374257113306
1947	4	19.0818853490322
1947	5	16.8092266193655
1947	6	14.9600851920502
1947	7	13.3155615121866
1947	8	13.5404558998425
1947	9	13.1666604456438
1947	10	15.1131297459391
1947	11	16.9854570705313
1947	12	18.955288586714
1948	1	20.6964348651157
1948	2	21.4962160822124
1948	3	20.4688956983028
1948	4	18.9100628631282
1948	5	16.9386444794512
1948	6	14.7203800411148
1948	7	13.7957652478046
1948	8	13.9505729877982
1948	9	13.7415472750847
1948	10	14.9840645230743
1948	11	16.7941513781702
1948	12	18.7701540457194
1949	1	20.2886980784014
1949	2	20.8475399142894
1949	3	20.0572799021581
1949	4	18.8856427355779
1949	5	17.0372065827046
1949	6	15.2572702099992
1949	7	14.3795561670743
1949	8	13.0472927463549
1949	9	15.3755799976253
1949	10	15.6326525316921
1949	11	17.6388056816318
1949	12	18.7806450030424
1950	1	20.4811498417305
1950	2	20.0870777473277
1950	3	20.4294003295573
1950	4	18.957933365871
1950	5	17.4377143063896
1950	6	15.6512541450968
1950	7	14.9894422406937
1950	8	14.5951056683751
1950	9	14.0487824538306
1950	10	15.7076761004475
1950	11	17.0489317703009
1950	12	18.9252262636286
1951	1	20.7897074100549
1951	2	20.5753039797221
1951	3	20.7233234532125
1951	4	18.9061838536978
1951	5	17.1988907485065
1951	6	15.3345859206908
1951	7	14.1407326091912
1951	8	13.4418056372839
1951	9	14.4813801646213
1951	10	14.6534671284411
1951	11	16.6544188793719
1951	12	18.2154556971774
1952	1	19.6314704578705
1952	2	20.6612593023267
1952	3	20.7062205479968
1952	4	18.8842321866941
1952	5	18.077574543789
1952	6	15.73668051187
1952	7	13.8248578185323
1952	8	13.5185042328388
1952	9	13.7008176760659
1952	10	15.5025293971645
1952	11	16.9684423246208
1952	12	18.4540147771447
1953	1	19.7608883179563
1953	2	20.2418854873213
1953	3	20.2203746168438
1953	4	18.4042047696867
1953	5	16.5011098475673
1953	6	15.9368902940599
1953	7	14.7750388103608
1953	8	13.7340537341397
1953	9	14.3387384087502
1953	10	15.3087552442567
1953	11	17.3262809445719
1953	12	18.3780214560317
1954	1	20.6906163509701
1954	2	20.9874487316982
1954	3	20.6944953604005
1954	4	18.9071536060554
1954	5	17.3604867550033
1954	6	15.8380637128909
1954	7	13.8944155103631
1954	8	13.3065692630526
1954	9	13.0097368823246
1954	10	14.6236692832715
1954	11	16.8633564327801
1954	12	18.6656852690153
1955	1	20.6354286258927
1955	2	21.9835607215545
1955	3	20.959678550549
1955	4	20.2806755816249
1955	5	17.7743065337788
1955	6	16.4798634550056
1955	7	15.5044689018796
1955	8	14.6148533527479
1955	9	14.5912266589448
1955	10	16.01552839433
1955	11	17.4410643599885
1955	12	19.2746015902771
1956	1	20.5628735176839
1956	2	21.259508347655
1956	3	20.770665000124
1956	4	18.8671292814784
1956	5	17.4825873927544
1956	6	15.6657122711554
1956	7	14.1153427292834
1956	8	14.175467375454
1956	9	14.1180756677457
1956	10	14.7711598009305
1956	11	17.9872112559226
1956	12	18.5411161707175
1957	1	20.4806208858991
1957	2	21.3702364350308
1957	3	20.4991343399986
1957	4	19.3431013704451
1957	5	17.2942791167714
1957	6	15.1349050943323
1957	7	13.631965258677
1957	8	13.6068398566848
1957	9	14.0790210955263
1957	10	14.8812707731697
1957	11	16.2711022202078
1957	12	17.5435936319774
1958	1	18.758428858123
1958	2	20.7247340020963
1958	3	20.4625482283259
1958	4	19.0384228115511
1958	5	16.1761546484691
1958	6	14.687143983041
1958	7	13.5850645082917
1958	8	12.9547254758576
1958	9	14.1268915982692
1958	10	15.0381943364889
1958	11	17.4757109669461
1958	12	18.9527319668622
1959	1	20.7110693097848
1959	2	20.6837399251618
1959	3	20.2843782724448
1959	4	18.8236667439973
1959	5	16.6346711949991
1959	6	14.8401885369299
1959	7	13.1471772391868
1959	8	13.0389176123576
1959	9	13.6732238135272
1959	10	15.1466302819286
1959	11	16.4002556023779
1959	12	18.9434752398124
1960	1	20.0913975532843
1960	2	21.399505324369
1960	3	20.2775018466365
1960	4	18.4046455662128
1960	5	17.9144798291033
1960	6	15.8668918057029
1960	7	14.2410578985493
1960	8	13.1048607726737
1960	9	13.8568596463328
1960	10	15.2413133757516
1960	11	17.1737653465144
1960	12	18.1853933740921
1961	1	19.3892968463885
1961	2	20.3575504957903
1961	3	20.0484639716346
1961	4	19.1420099952028
1961	5	17.6603165521093
1961	6	15.811175124794
1961	7	13.4899406179425
1961	8	13.2132967181134
1961	9	13.700112401624
1961	10	15.1383433072365
1961	11	17.5611373337193
1961	12	19.5547718623156
1962	1	21.3365595804309
1962	2	21.7721547075996
1962	3	21.2701756235885
1962	4	19.3692846841
1962	5	18.0694638877074
1962	6	15.7967169987354
1962	7	14.7183523770944
1962	8	13.742781505358
1962	9	13.896619492994
1962	10	15.6168720160549
1962	11	17.0207207926255
1962	12	18.5980670818996
1963	1	20.2550212238014
1963	2	21.395361837023
1963	3	21.1380248250405
1963	4	19.5257674508931
1963	5	17.3090017207457
1963	6	15.8304820126406
1963	7	14.6698647592148
1963	8	13.1278703513402
1963	9	13.1585497895622
1963	10	15.074163333025
1963	11	16.4765134014066
1963	12	18.2679986430978
1964	1	19.3706952329838
1964	2	20.606336055165
1964	3	20.5109476869002
1964	4	18.8831742750313
1964	5	17.1663599648746
1964	6	15.4717617996372
1964	7	13.4498281340604
1964	8	13.1092687379355
1964	9	13.2750963910835
1964	10	14.696488869396
1964	11	16.9251561057502
1964	12	18.6615417816692
1965	1	20.2140271468669
1965	2	20.0318900222503
1965	3	19.7600948842091
1965	4	18.5739114322651
1965	5	16.4613500009061
1965	6	15.3853656805064
1965	7	13.6889161698591
1965	8	12.883757235143
1965	9	13.6629973341199
1965	10	14.6563763855138
1965	11	15.7631283034407
1965	12	17.6139447575554
1966	1	19.5240924240936
1966	2	21.1270930711913
1966	3	20.2603989414208
1966	4	18.6571338164074
1966	5	16.557531802918
1966	6	15.2647637509442
1966	7	14.1949505819111
1966	8	13.2217600114161
1966	9	13.9198935495762
1966	10	15.1669069221328
1966	11	16.2294028688314
1966	12	17.8390154638217
1967	1	19.3527107347158
1967	2	20.0826697820659
1967	3	20.3192011980129
1967	4	18.6774104566116
1967	5	16.7994409364843
1967	6	15.1891230670521
1967	7	14.1117281977687
1967	8	14.1000030101724
1967	9	14.091980513396
1967	10	15.5131085137927
1967	11	16.4279376242218
1967	12	18.7926346685544
1968	1	20.0855790391387
1968	2	20.5337809469561
1968	3	21.1864242836148
1968	4	19.7457249174558
1968	5	18.064086170088
1968	6	16.4678737894935
1968	7	14.4208147219245
1968	8	13.5512113350812
1968	9	13.5555311410378
1968	10	14.6363642232253
1968	11	15.692512699947
1968	12	18.0050194355802
1969	1	19.9833142450655
1969	2	20.5460350903839
1969	3	19.7767569928986
1969	4	18.8787663097695
1969	5	17.0321815023061
1969	6	15.5269495247147
1969	7	14.2210457362608
1969	8	13.6451891544623
1969	9	14.3167867417465
1969	10	15.2074602025411
1969	11	17.1207816040678
1969	12	18.8543461822193
1970	1	20.9557113818134
1970	2	21.2305920955378
1970	3	21.3700601164204
1970	4	19.9998881944498
1970	5	17.6768905014935
1970	6	16.0482354965724
1970	7	14.5787961969066
1970	8	13.4027510650646
1970	9	14.7850889711577
1970	10	15.7962762022092
1970	11	17.3331573703802
1970	12	19.5187147064743
1971	1	21.5118202792391
1971	2	22.361058866573
1971	3	21.2491055496372
1971	4	19.9052051006268
1971	5	18.3353523522977
1971	6	17.0894850507092
1971	7	14.4484085844632
1971	8	13.8436357505475
1971	9	14.1931873958063
1971	10	15.7047668433747
1971	11	17.1158446829747
1971	12	19.0574652214819
1972	1	20.5174714754876
1972	2	21.0257980294757
1972	3	20.3775626580788
1972	4	18.7167295067466
1972	5	16.6977050982425
1972	6	15.748670177382
1972	7	14.9175924069267
1972	8	13.6256177887
1972	9	14.3443806042853
1972	10	15.5602737420937
1972	11	17.5716282910423
1972	12	18.4446698907898
1973	1	20.1893425414009
1973	2	20.9922974934861
1973	3	20.6983743698309
1973	4	19.6949451576401
1973	5	17.7477705829029
1973	6	16.3619944639056
1973	7	15.2223591251259
1973	8	14.3436753298434
1973	9	14.8416872451189
1973	10	16.6808666709425
1973	11	18.1109869204733
1973	12	19.7608883179563
1974	1	20.8424266745857
1974	2	21.9056278957262
1974	3	20.7139785668576
1974	4	19.9715890574692
1974	5	17.8971124459719
1974	6	16.6932089736755
1974	7	14.425487165102
1974	8	13.7572396314167
1974	9	13.8302355361517
1974	10	15.2525977668217
1974	11	17.0648004452433
1974	12	19.6564195412521
1975	1	21.494541055413
1975	2	21.3572770171612
1975	3	21.5032688266313
1975	4	19.939322751753
1975	5	18.3729963756333
1975	6	16.0816478732566
1975	7	14.3812311938737
1975	8	14.4401216097711
1975	9	14.82149876422
1975	10	15.7567808334637
1975	11	17.0937166973605
1975	12	19.1324887902374
1976	1	20.3177906491291
1976	2	20.1785871061622
1976	3	19.8026758286379
1976	4	18.7889319777346
1976	5	16.725210801476
1976	6	15.2978234904075
1976	7	14.2638029993
1976	8	13.3404224362631
1976	9	13.4488583817028
1976	10	14.3426174181806
1976	11	16.050703957119
1976	12	17.6564375426789
1977	1	18.4938627831112
1977	2	19.9292725909561
1977	3	19.8695887413116
1977	4	18.8792952656009
1977	5	16.2594651919167
1977	6	14.9352242679738
1977	7	13.7024927028654
1977	8	13.627116496889
1977	9	13.9088736364218
1977	10	14.7530871433572
1977	11	16.3053080306392
1977	12	18.2464877726203
1978	1	19.4830983471591
1978	2	20.4734799821751
1978	3	19.4874181531156
1978	4	18.4574529900489
1978	5	16.754038894288
1978	6	15.4486640616655
1978	7	13.287262375206
1978	8	13.2929045707411
1978	9	13.6214743013539
1978	10	14.5931661636599
1978	11	16.6322908937578
1978	12	18.1769300807895
1979	1	19.4937656230926
1979	2	19.9122578450457
1979	3	19.9889564406006
1979	4	19.0792405698751
1979	5	17.2554890224677
1979	6	15.5169875232231
1979	7	14.5655723011212
1979	8	13.6964097108041
1979	9	13.9008511396453
1979	10	14.6771819815494
1979	11	17.127569870571
1979	12	18.6278649270692
1980	1	19.6565958598626
1980	2	20.6155927822147
1980	3	19.1366322775835
1980	4	18.056239991922
1980	5	17.2305399390861
1980	6	14.9668734585534
1980	7	13.8189511450815
1980	8	12.8785558361341
1980	9	13.7623528711203
1980	10	15.3581244551887
1980	11	16.2679284852193
1980	12	17.9532699234069
1981	1	20.2261931309894
1981	2	20.7699597256821
1981	3	20.7240287276544
1981	4	19.6722882161945
1981	5	17.6204685461428
1981	6	16.0587264538954
1981	7	14.3492293660732
1981	8	13.6239427619005
1981	9	13.5558837782587
1981	10	15.1979389975757
1981	11	16.2027787586503
1981	12	19.1621984761018
1982	1	21.1278865049384
1982	2	20.8062813594392
1982	3	20.4062144322803
1982	4	18.9173800854627
1982	5	17.4388603773576
1982	6	15.6153733078659
1982	7	14.1278613506268
1982	8	13.50960014301
1982	9	14.0665024741829
1982	10	14.710329880318
1982	11	16.743547936965
1982	12	18.1228884266801
1983	1	18.9605781450281
1983	2	19.0321635008794
1983	3	18.997957690448
1983	4	18.2292085487942
1983	5	16.7664693563262
1983	6	14.9109804590341
1983	7	14.0652682439096
1983	8	13.4684297474651
1983	9	13.5937041202047
1983	10	14.9847697975162
1983	11	16.7669983121577
1983	12	18.515109175673
1984	1	19.2142124661907
1984	2	19.370783392289
1984	3	19.8211892827374
1984	4	19.247272205654
1984	5	17.4010400354116
1984	6	15.896865969483
1984	7	14.6346891964259
1984	8	13.9808997887992
1984	9	14.1165769595567
1984	10	15.0736343771936
1984	11	17.7113607898407
1984	12	20.3317198193563
1985	1	21.5880780782679
1985	2	21.325363348666
1985	3	20.4256976387374
1985	4	18.8207574869245
1985	5	17.0240708462245
1985	6	15.8582521937898
1985	7	14.3773521844434
1985	8	13.8978537232673
1985	9	13.7892414592172
1985	10	14.7215261120829
1985	11	16.4461866004056
1985	12	18.7188453300723
1986	1	21.412200264323
1986	2	21.2975050082115
1986	3	20.9786328011746
1986	4	19.3841836066848
1986	5	17.7899107308055
1986	6	15.8321570394401
1986	7	13.9366438175709
1986	8	13.4881774318378
1986	9	13.4761877663258
1986	10	15.3568902249153
1986	11	16.8129293101854
1986	12	18.3580974530485
1987	1	20.2008032510816
1987	2	20.4352188437028
1987	3	19.1054238835301
1987	4	17.8714580881484
1987	5	16.6019640927567
1987	6	15.3024077742798
1987	7	13.8328803153087
1987	8	13.8773126051474
1987	9	13.8521872031553
1987	10	15.0813923960543
1987	11	17.0157838715323
1987	12	18.5933946387221
1988	1	19.7382313765107
1988	2	20.8737232279444
1988	3	19.2440984706656
1988	4	18.6514916208723
1988	5	17.39107803392
1988	6	16.4015779919564
1988	7	14.5942240753228
1988	8	13.9940355252793
1988	9	14.2965982608476
1988	10	15.3719654661106
1988	11	16.9381155236198
1988	12	19.2691357133525
1989	1	20.5848251846875
1989	2	20.9481296815632
1989	3	21.1937415059493
1989	4	19.5462204097077
1989	5	18.1607087686261
1989	6	16.330697910547
1989	7	14.8434504312236
1989	8	14.3495820032942
1989	9	14.6967533473117
1989	10	15.8554310960223
1989	11	17.4046545669262
1989	12	18.3641804451098
1990	1	19.678812004782
1990	2	21.7479990579651
1990	3	21.238173795788
1990	4	19.7128414966029
1990	5	17.6405688677365
1990	6	15.9733000871222
1990	7	14.5880529239563
1990	8	14.2242194712493
1990	9	14.4025657457407
1990	10	15.3602402785143
1990	11	17.3602222770875
1990	12	18.8934007544386
1991	1	19.8500173755494
1991	2	20.95817984236
1991	3	19.7330299775018
1991	4	18.6930146536383
1991	5	16.8770211250916
1991	6	15.2630887241447
1991	7	14.0262136716902
1991	8	13.372953219895
1991	9	13.7917099197637
1991	10	14.2194588687665
1991	11	15.7115551098779
1991	12	17.3861411128268
1992	1	19.7570093085259
1992	2	19.986487980054
1992	3	18.5665942099305
1992	4	17.2376808428101
1992	5	15.8097645759103
1992	6	14.3948958861853
1992	7	13.2222889672475
1992	8	12.3739319729659
1992	9	12.9369172962
1992	10	14.0594497297641
1992	11	16.580717700195
1992	12	18.2122819621889
1993	1	19.5895066285784
1993	2	19.1846790989368
1993	3	19.1082449812976
1993	4	18.3055545071281
1993	5	16.8905094987926
1993	6	15.069667208458
1993	7	13.5712234973697
1993	8	13.1893173870894
1993	9	13.3556739960688
1993	10	14.8146223384116
1993	11	16.0318378657986
1993	12	17.6051288270318
1994	1	19.9024721621645
1994	2	20.4942855782106
1994	3	19.6317349357862
1994	4	18.2843081145664
1994	5	16.7296187667378
1994	6	14.7438304163075
1994	7	13.4739837836949
1994	8	13.2594040347516
1994	9	13.4390726988216
1994	10	14.1866636072189
1994	11	15.7765285178365
1994	12	18.1041104946649
1995	1	19.4266763918084
1995	2	20.597343806031
1995	3	20.6099505866796
1995	4	19.8167813174756
1995	5	17.8046333347799
1995	6	15.7203710404014
1995	7	13.8673506036558
1995	8	12.8346525021268
1995	9	14.0272715833531
1995	10	15.0301718397125
1995	11	16.4843595795725
1995	12	19.0811800745903
1996	1	20.4703944064918
1996	2	21.0453693952379
1996	3	20.1671263964816
1996	4	19.069454886994
1996	5	17.2168752467745
1996	6	15.5533973162854
1996	7	14.0333545754143
1996	8	13.3851192040175
1996	9	14.0336190533301
1996	10	15.5782582403617
1996	11	16.2877643288973
1996	12	18.099261732877
1997	1	19.2903821059142
1997	2	20.2611042158627
1997	3	20.6073939668278
1997	4	18.999103761416
1997	5	17.0028244536627
1997	6	15.4049370462687
1997	7	13.9174250890296
1997	8	13.1678946759172
1997	9	13.8353487758553
1997	10	15.1572093985569
1997	11	16.6247091935075
1997	12	18.8747109817287
1998	1	20.1031227408806
1998	2	22.2610862144359
1998	3	21.198854745653
1998	4	19.5936501159245
1998	5	17.9124521650829
1998	6	16.4300534475475
1998	7	15.3990303728179
1998	8	14.4361544410355
1998	9	14.812153877865
1998	10	15.9618393774416
1998	11	17.3900201222571
1998	12	19.0648706031217
1999	1	21.3434360062393
1999	2	21.2982984419587
1999	3	20.7906771624125
1999	4	19.7809004802447
1999	5	18.0072234182111
1999	6	16.7454874416802
1999	7	15.1112784005292
1999	8	14.2328590831623
1999	9	14.974984114635
1999	10	16.4224717472972
1999	11	18.309257197948
1999	12	18.8445604993381
2000	1	19.5628825183973
2000	2	20.7982588626627
2000	3	20.3666309042296
2000	4	19.4352278444162
2000	5	17.7013106290438
2000	6	15.7239855719161
2000	7	14.6920809041342
2000	8	14.0870435923028
2000	9	14.489138183482
2000	10	15.3583007737991
2000	11	16.5289681880217
2000	12	18.8341577013204
2001	1	20.0199885160435
2001	2	20.4088592114374
2001	3	20.9591495947176
2001	4	19.3343735992268
2001	5	18.1864512857549
2001	6	16.1434475462267
2001	7	14.6737437686452
2001	8	13.9290621173207
2001	9	14.4045052504559
2001	10	16.1473265556571
2001	11	17.6017787734329
2001	12	19.7909506410416
2002	1	20.3909628724746
2002	2	20.774015053723
2002	3	20.3732428521222
2002	4	18.7128504973163
2002	5	17.3523760989216
2002	6	15.6446421972041
2002	7	14.8317252436273
2002	8	13.8822495262406
2002	9	13.7835992636821
2002	10	15.0938228580925
2002	11	16.1751848961115
2002	12	18.4659162833515
2003	1	19.8280657085457
2003	2	20.3292513588097
2003	3	20.0694458862806
2003	4	19.5972646474391
2003	5	17.7257307565941
2003	6	16.4481261051207
2003	7	14.6854689562416
2003	8	13.919805390271
2003	9	13.8626781604783
2003	10	15.2223591251259
2003	11	16.6588268446336
2003	12	19.0516467073364
2004	1	21.1858953277834
2004	2	20.3332185275453
2004	3	18.9529964447779
2004	4	17.6949631590668
2004	5	16.5257944530333
2004	6	15.2137195132129
2004	7	14.0853685655033
2004	8	13.4075998268525
2004	9	13.4630520298457
2004	10	14.8931722793764
2004	11	17.1273053926553
2004	12	17.0414382293558
2005	1	18.9862325028516
2005	2	21.4135226539015
2005	3	21.2574806836346
2005	4	19.9422320088258
2005	5	18.1141606554618
2005	6	15.9080622012479
2005	7	14.5374494827511
2005	8	14.1618026831425
2005	9	14.6420064187604
2005	10	15.8817025689825
2005	11	17.6930236543517
2005	12	19.2931150443765
2006	1	20.4483545801829
2006	2	21.9765079771356
2006	3	20.3802955965411
2006	4	19.9334160783022
2006	5	18.132938587477
2006	6	16.0028334543761
2006	7	14.228980073732
2006	8	13.5331386775079
2006	9	14.1505182920724
2006	10	15.3737286522153
2006	11	16.4569420356443
2006	12	17.300891064664
2007	1	19.5072539967937
2007	2	20.4869683558761
2007	3	20.3988090506406
2007	4	19.3316406607644
2007	5	17.9891507606378
2007	6	15.8666273277872
2007	7	14.3370633819507
2007	8	13.9032314408867
2007	9	14.1820793233467
2007	10	15.2176866819484
2007	11	16.8644143444429
2007	12	19.0108289490124
2008	1	20.8734587500286
2008	2	21.3468742191434
2008	3	20.8790127862585
2008	4	19.7218337457369
2008	5	17.2699471485263
2008	6	15.6265695396309
2008	7	13.8812797738831
2008	8	13.0338925319591
2008	9	14.2030612379927
2008	10	15.062173667513
2008	11	16.716218552342
2008	12	18.7814384367895
2009	1	20.6061597365545
2009	2	21.4837856201742
2009	3	20.5458587717734
2009	4	19.0509414328945
2009	5	16.9219823707617
2009	6	14.5738592758134
2009	7	13.2914058625521
2009	8	13.3807993980609
2009	9	14.341647665823
2009	10	15.1195653752213
2009	11	16.285031390435
2009	12	18.5365318868452
2010	1	20.0023566549964
2010	2	21.3587757253502
2010	3	20.8265579996433
2010	4	19.2066307659405
2010	5	17.7654906032553
2010	6	15.7735311014584
2010	7	14.173968667265
2010	8	13.6693448040968
2010	9	14.0245386448908
2010	10	15.0977900268281
2010	11	17.1593072204558
2010	12	19.5530968355161
2011	1	21.2743191109346
2011	2	21.7736534157887
2011	3	21.2962707779382
2011	4	19.7266825075249
2011	5	17.9158903779871
2011	6	16.2815931775308
2011	7	14.3194315209036
2011	8	13.357613500784
2011	9	13.8978537232673
2011	10	15.3411978685834
2011	11	16.9204836625727
2011	12	18.442113270938
2012	1	19.9398517075844
2012	2	20.6981098919152
2012	3	19.5299109382392
2012	4	19.0335740497631
2012	5	17.2940146388557
2012	6	15.8571061228217
2012	7	14.1542209828922
2012	8	14.0628879426682
2012	9	14.5697157884673
2012	10	14.9508284650005
2012	11	16.0936375387687
2012	12	18.5128170337369
2013	1	20.0255425522733
2013	2	20.9820710140788
2013	3	21.0146017977107
2013	4	20.020164834654
2013	5	18.1552428917016
2013	6	15.9964859843991
2013	7	14.2618634945848
2013	8	13.9771970979793
2013	9	14.231624852889
2013	10	15.649843596213
2013	11	17.9344038320865
2013	12	19.8686189889541
2014	1	20.0636273721351
2014	2	20.4960487643154
2014	3	20.3361277846181
2014	4	19.992130175589
2014	5	18.252747083292
2014	6	16.2884696033392
2014	7	14.4859644484935
2014	8	13.6185650442812
2014	9	14.0565404726913
2014	10	15.14715923776
2014	11	16.4212375170239
2014	12	18.2619156510366
2015	1	21.41669638889
2015	2	21.5997151065589
2015	3	21.4888988598779
2015	4	19.9501663462969
2015	5	17.7415994315365
2015	6	15.4362335996273
2015	7	13.6515366244392
2015	8	13.1346586178433
2015	9	13.7059309157696
2015	10	15.0721356690046
2015	11	16.9036452352727
2015	12	18.707120142476
2016	1	20.8835089108255
2016	2	22.5252996522268
2016	3	22.0016333791277
2016	4	20.4823840720038
2016	5	18.8253417707968
2016	6	16.2386595958811
2016	7	14.7213497934724
2016	8	13.8030824701391
2016	9	14.3907523988392
2016	10	15.7305975198088
2016	11	16.8797540635539
2016	12	18.5838734337567
2017	1	19.377130862266
2017	2	20.8453359316585
2017	3	20.9535073991825
2017	4	20.1029464222701
2017	5	17.9088376335683
2017	6	16.0297220424729
2017	7	14.5421219259286
2017	8	14.0526614632609
2017	9	14.6090348386024
2017	10	15.6851954776124
2017	11	17.5878496032057
2017	12	20.8932064344014
2018	1	21.8224055115839
2018	2	22.5687621897079
2018	3	21.8272542733719
2018	4	20.1226941066429
2018	5	18.2657946604669
2018	6	15.5518986080963
2018	7	14.091627876175
2018	8	14.0682656602876
2018	9	14.4530810276407
2018	10	15.8869039679913
2018	11	17.3009792239693
2018	12	19.641785096583
2019	1	21.3939512881392
2019	2	22.0626396183507
2019	3	21.6388578380835
2019	4	20.20397698607
2019	5	18.3854268376715
2019	6	16.2669587328617
2019	7	14.8167381617373
2019	8	13.9376135699285
2019	9	14.2115245312953
2019	10	15.0828911042433
2019	11	17.2362702939264
2019	12	19.5180094320324
2020	1	19.9710601016378
2020	2	21.8756537319462
2020	3	21.0868924280039
2020	4	19.5165107238434
2020	5	17.5314276478549
2020	6	16.0069769417221
2020	7	14.5266940475123
2020	8	13.9723483361913
2020	9	14.2396473496655
2020	10	16.0829702628352
2020	11	18.3865729086396
2020	12	19.2826240870535
2021	1	20.8722245197553
2021	2	21.1046124483562
2021	3	21.0340850041678
2021	4	20.0316255443346
2021	5	18.1718168410858
2021	6	16.187350880234
2021	7	14.5723605676244
2021	8	13.9825748155987
2021	9	14.2323301273309
2021	10	15.756516355548
2021	11	18.3651501974673
2021	12	20.9183318363935
2022	1	21.8196725731216
2022	2	22.6954471113314
2022	3	22.1500054898391
2022	4	20.9012289311778
2022	5	18.8358327281198
2022	6	16.5643200694212
2022	7	14.8177960734001
2022	8	14.507475318971
2022	9	15.143015750414
2022	10	16.0594317283373
2022	11	18.1863631264497
2022	12	19.7694397705641
2023	1	21.2135773496273
2023	2	21.588518874794
2023	3	21.1270930711913
2023	4	19.568789191848
2023	5	18.0145406405456
2023	6	15.9904029923379
2023	7	14.6955191170384
2023	8	13.6927951792895
2023	9	14.5487338738212
2023	10	15.7424990260155
2023	11	17.4300444468341
2023	12	19.2471840463488
